0.484273
0.584559
0.680083
0.687069
0.694955
0.714668
0.728019
0.735789
0.756035
0.774977
0.791731
0.801545
0.814710
0.825114
0.832640
0.844812
0.854394
0.866547
0.883532
0.894914
0.911705
0.924840
0.944529
0.951465
0.962402
0.974582
0.990281
1.001756
0.990267
0.975846
0.951595
0.907681
0.896007
0.888258
0.877557
0.867485
0.843694
0.825904
0.815505
0.788889
0.776043
0.745515
0.713350
0.704415
0.694701
0.682398
0.663017
0.648520
0.639345
0.632387
0.623533
0.603319
0.589472
0.574726
0.566626
0.551760
0.537017
0.514685
0.505636
0.497325
0.482965
0.467557
0.452385
0.437091
0.428222
0.419509
0.409893
0.388834
0.367086
0.351649
0.337557
0.315519
0.294457
0.278691
0.269451
0.254174
0.237398
0.222682
0.213564
0.202421
0.181758
0.172447
0.156526
0.140467
0.119223
0.096568
0.068328
0.052633
0.037461
-0.036946
-0.056924
-0.078425
-0.091415
-0.117431
-0.139260
-0.162006
-0.182773
-0.210477
-0.220475
-0.241698
-0.269698
-0.286204
-0.370849
-0.424898
